! Subset of available target linecodes, which are closest to the original ones in terms of positive sequence impedance
! -----------------------------------------------------------------------------------------------------------------------------------------------------------------------------------------------------------------------------------------------------------------------------------------------------------------------------------------------------------
! original name: BS 5467 1997 table 10 16 (50 Hz)
New LineCode.LC1 nphases=4 Units=km
~ Rmatrix=(1.3480250575502448 0.1962220575502449 0.1960530575502449 0.1962290575502449 | 0.1962220575502449 1.3480120575502448 0.1962160575502449 0.1960530575502449 | 0.1960530575502449 0.1962160575502449 1.348013057550245 0.1962230575502449 | 0.1962290575502449 0.1960530575502449 0.1962230575502449 1.3480270575502449)
~ Xmatrix=(0.7814251531485135 0.7013971531485135 0.6774311531485134 0.7014261531485134 | 0.7013971531485135 0.7813811531485134 0.7013701531485135 0.6774341531485135 | 0.6774311531485134 0.7013701531485135 0.7813721531485135 0.7014021531485135 | 0.7014261531485134 0.6774341531485135 0.7014021531485135 0.7814381531485135)
~ Cmatrix=(0.0 0.0 0.0 0.0 | 0.0 0.0 0.0 0.0 | 0.0 0.0 0.0 0.0 | 0.0 0.0 0.0 0.0)

! original name: BS 5467 1997 table 10 70 (50 Hz)
New LineCode.LC4 nphases=4 Units=km
~ Rmatrix=(0.5643923515458874 0.2945514767230663 0.2933874767230663 0.2945233515458874 | 0.2945514767230663 0.5644766019371148 0.29460460193711474 0.2933894767230663 | 0.2933874767230663 0.29460460193711474 0.5644996019371148 0.2945764767230663 | 0.2945233515458874 0.2933894767230663 0.2945764767230663 0.5644203515458874)
~ Xmatrix=(0.5883153159279138 0.5209253296470171 0.4969653296470171 0.5208813159279138 | 0.5209253296470171 0.5884633433307894 0.5210123433307894 0.49696632964701715 | 0.4969653296470171 0.5210123433307894 0.5885053433307894 0.5209683296470171 | 0.5208813159279138 0.49696632964701715 0.5209683296470171 0.5883693159279137)
~ Cmatrix=(0.0 0.0 0.0 0.0 | 0.0 0.0 0.0 0.0 | 0.0 0.0 0.0 0.0 | 0.0 0.0 0.0 0.0)

! original name: BS 6480 1988 table 17 Cu 120 (50 Hz)
New LineCode.LC5 nphases=4 Units=km
~ Rmatrix=(0.75589946100395 0.59603846100395 0.59085046100395 0.59604046100395 | 0.59603846100395 0.75590046100395 0.5960414610039501 0.59084946100395 | 0.59085046100395 0.5960414610039501 0.75590646100395 0.59604446100395 | 0.59604046100395 0.59084946100395 0.59604446100395 0.75590446100395)
~ Xmatrix=(0.39846989035248354 0.33204889035248353 0.30294389035248354 0.33204889035248353 | 0.33204889035248353 0.3984688903524835 0.33204889035248353 0.30294389035248354 | 0.30294389035248354 0.33204889035248353 0.3984688903524835 0.33204889035248353 | 0.33204889035248353 0.30294389035248354 0.33204889035248353 0.3984688903524835)
~ Cmatrix=(0.0 0.0 0.0 0.0 | 0.0 0.0 0.0 0.0 | 0.0 0.0 0.0 0.0 | 0.0 0.0 0.0 0.0)

! original name: Waveform 4-core 300 IEC 60287 (50 Hz)
New LineCode.LC8 nphases=4 Units=km
~ Rmatrix=(0.2586466621944817 0.1519906621944817 0.1519906621944817 0.1519906621944817 | 0.1519906621944817 0.2586466621944817 0.1519906621944817 0.1519906621944817 | 0.1519906621944817 0.1519906621944817 0.2586466621944817 0.1519906621944817 | 0.1519906621944817 0.1519906621944817 0.1519906621944817 0.2586466621944817)
~ Xmatrix=(0.11602806747007222 0.055430067470072175 0.033463067470072216 0.055430067470072175 | 0.055430067470072175 0.11602806747007222 0.055430067470072175 0.033463067470072216 | 0.033463067470072216 0.055430067470072175 0.11602806747007222 0.055430067470072175 | 0.055430067470072175 0.033463067470072216 0.055430067470072175 0.11602806747007222)
~ Cmatrix=(0.0 0.0 0.0 0.0 | 0.0 0.0 0.0 0.0 | 0.0 0.0 0.0 0.0 | 0.0 0.0 0.0 0.0)
! -----------------------------------------------------------------------------------------------------------------------------------------------------------------------------------------------------------------------------------------------------------------------------------------------------------------------------------------------------------